8.98294 4.63093 0
8.98294 4.63093 5
9 5 0
9 5 0
8.98294 4.63093 5
9 5 5
9 5 0
9 5 5
8.98294 5.36907 0
8.98294 5.36907 0
9 5 5
8.98294 5.36907 5
8.98294 5.36907 0
8.98294 5.36907 5
8.93189 5.735 0
8.93189 5.735 0
8.98294 5.36907 5
8.93189 5.735 5
8.93189 5.735 0
8.93189 5.735 5
8.8473 6.09465 0
8.8473 6.09465 0
8.93189 5.735 5
8.8473 6.09465 5
8.8473 6.09465 0
8.8473 6.09465 5
8.72989 6.44497 0
8.72989 6.44497 0
8.8473 6.09465 5
8.72989 6.44497 5
8.72989 6.44497 0
8.72989 6.44497 5
8.58065 6.78295 0
8.58065 6.78295 0
8.72989 6.44497 5
8.58065 6.78295 5
8.58065 6.78295 0
8.58065 6.78295 5
8.40087 7.10573 0
8.40087 7.10573 0
8.58065 6.78295 5
8.40087 7.10573 5
8.40087 7.10573 0
8.40087 7.10573 5
8.19207 7.41054 0
8.19207 7.41054 0
8.40087 7.10573 5
8.19207 7.41054 5
8.19207 7.41054 0
8.19207 7.41054 5
7.95604 7.69478 0
7.95604 7.69478 0
8.19207 7.41054 5
7.95604 7.69478 5
7.95604 7.69478 0
7.95604 7.69478 5
7.69478 7.95604 0
7.69478 7.95604 0
7.95604 7.69478 5
7.69478 7.95604 5
7.69478 7.95604 0
7.69478 7.95604 5
7.41054 8.19207 0
7.41054 8.19207 0
7.69478 7.95604 5
7.41054 8.19207 5
7.41054 8.19207 0
7.41054 8.19207 5
7.10573 8.40087 0
7.10573 8.40087 0
7.41054 8.19207 5
7.10573 8.40087 5
7.10573 8.40087 0
7.10573 8.40087 5
6.78295 8.58065 0
6.78295 8.58065 0
7.10573 8.40087 5
6.78295 8.58065 5
6.78295 8.58065 0
6.78295 8.58065 5
6.44497 8.72989 0
6.44497 8.72989 0
6.78295 8.58065 5
6.44497 8.72989 5
6.44497 8.72989 0
6.44497 8.72989 5
6.09465 8.8473 0
6.09465 8.8473 0
6.44497 8.72989 5
6.09465 8.8473 5
6.09465 8.8473 0
6.09465 8.8473 5
5.735 8.93189 0
5.735 8.93189 0
6.09465 8.8473 5
5.735 8.93189 5
5.735 8.93189 0
5.735 8.93189 5
5.36907 8.98294 0
5.36907 8.98294 0
5.735 8.93189 5
5.36907 8.98294 5
5.36907 8.98294 0
5.36907 8.98294 5
5 9 0
5 9 0
5.36907 8.98294 5
5 9 5
5 9 0
5 9 5
4.63093 8.98294 0
4.63093 8.98294 0
5 9 5
4.63093 8.98294 5
4.63093 8.98294 0
4.63093 8.98294 5
4.265 8.93189 0
4.265 8.93189 0
4.63093 8.98294 5
4.265 8.93189 5
4.265 8.93189 0
4.265 8.93189 5
3.90535 8.8473 0
3.90535 8.8473 0
4.265 8.93189 5
3.90535 8.8473 5
3.90535 8.8473 0
3.90535 8.8473 5
3.55503 8.72989 0
3.55503 8.72989 0
3.90535 8.8473 5
3.55503 8.72989 5
3.55503 8.72989 0
3.55503 8.72989 5
3.21705 8.58065 0
3.21705 8.58065 0
3.55503 8.72989 5
3.21705 8.58065 5
3.21705 8.58065 0
3.21705 8.58065 5
2.89427 8.40087 0
2.89427 8.40087 0
3.21705 8.58065 5
2.89427 8.40087 5
2.89427 8.40087 0
2.89427 8.40087 5
2.58946 8.19207 0
2.58946 8.19207 0
2.89427 8.40087 5
2.58946 8.19207 5
2.58946 8.19207 0
2.58946 8.19207 5
2.30522 7.95604 0
2.30522 7.95604 0
2.58946 8.19207 5
2.30522 7.95604 5
2.30522 7.95604 0
2.30522 7.95604 5
2.04396 7.69478 0
2.04396 7.69478 0
2.30522 7.95604 5
2.04396 7.69478 5
2.04396 7.69478 0
2.04396 7.69478 5
1.80793 7.41054 0
1.80793 7.41054 0
2.04396 7.69478 5
1.80793 7.41054 5
1.80793 7.41054 0
1.80793 7.41054 5
1.59913 7.10573 0
1.59913 7.10573 0
1.80793 7.41054 5
1.59913 7.10573 5
1.59913 7.10573 0
1.59913 7.10573 5
1.41935 6.78295 0
1.41935 6.78295 0
1.59913 7.10573 5
1.41935 6.78295 5
1.41935 6.78295 0
1.41935 6.78295 5
1.27011 6.44497 0
1.27011 6.44497 0
1.41935 6.78295 5
1.27011 6.44497 5
1.27011 6.44497 0
1.27011 6.44497 5
1.1527 6.09465 0
1.1527 6.09465 0
1.27011 6.44497 5
1.1527 6.09465 5
1.1527 6.09465 0
1.1527 6.09465 5
1.06811 5.735 0
1.06811 5.735 0
1.1527 6.09465 5
1.06811 5.735 5
1.06811 5.735 0
1.06811 5.735 5
1.01706 5.36907 0
1.01706 5.36907 0
1.06811 5.735 5
1.01706 5.36907 5
1.01706 5.36907 0
1.01706 5.36907 5
1 5 0
1 5 0
1.01706 5.36907 5
1 5 5
1 5 0
1 5 5
1.01706 4.63093 0
1.01706 4.63093 0
1 5 5
1.01706 4.63093 5
1.01706 4.63093 0
1.01706 4.63093 5
1.06811 4.265 0
1.06811 4.265 0
1.01706 4.63093 5
1.06811 4.265 5
1.06811 4.265 0
1.06811 4.265 5
1.1527 3.90535 0
1.1527 3.90535 0
1.06811 4.265 5
1.1527 3.90535 5
1.1527 3.90535 0
1.1527 3.90535 5
1.27011 3.55503 0
1.27011 3.55503 0
1.1527 3.90535 5
1.27011 3.55503 5
1.27011 3.55503 0
1.27011 3.55503 5
1.41935 3.21705 0
1.41935 3.21705 0
1.27011 3.55503 5
1.41935 3.21705 5
1.41935 3.21705 0
1.41935 3.21705 5
1.59913 2.89427 0
1.59913 2.89427 0
1.41935 3.21705 5
1.59913 2.89427 5
1.59913 2.89427 0
1.59913 2.89427 5
1.80793 2.58946 0
1.80793 2.58946 0
1.59913 2.89427 5
1.80793 2.58946 5
1.80793 2.58946 0
1.80793 2.58946 5
2.04396 2.30522 0
2.04396 2.30522 0
1.80793 2.58946 5
2.04396 2.30522 5
2.04396 2.30522 0
2.04396 2.30522 5
2.30522 2.04396 0
2.30522 2.04396 0
2.04396 2.30522 5
2.30522 2.04396 5
2.30522 2.04396 0
2.30522 2.04396 5
2.58946 1.80793 0
2.58946 1.80793 0
2.30522 2.04396 5
2.58946 1.80793 5
2.58946 1.80793 0
2.58946 1.80793 5
2.89427 1.59913 0
2.89427 1.59913 0
2.58946 1.80793 5
2.89427 1.59913 5
2.89427 1.59913 0
2.89427 1.59913 5
3.21705 1.41935 0
3.21705 1.41935 0
2.89427 1.59913 5
3.21705 1.41935 5
3.21705 1.41935 0
3.21705 1.41935 5
3.55503 1.27011 0
3.55503 1.27011 0
3.21705 1.41935 5
3.55503 1.27011 5
3.55503 1.27011 0
3.55503 1.27011 5
3.90535 1.1527 0
3.90535 1.1527 0
3.55503 1.27011 5
3.90535 1.1527 5
3.90535 1.1527 0
3.90535 1.1527 5
4.265 1.06811 0
4.265 1.06811 0
3.90535 1.1527 5
4.265 1.06811 5
4.265 1.06811 0
4.265 1.06811 5
4.63093 1.01706 0
4.63093 1.01706 0
4.265 1.06811 5
4.63093 1.01706 5
4.63093 1.01706 0
4.63093 1.01706 5
5 1 0
5 1 0
4.63093 1.01706 5
5 1 5
5 1 0
5 1 5
5.36907 1.01706 0
5.36907 1.01706 0
5 1 5
5.36907 1.01706 5
5.36907 1.01706 0
5.36907 1.01706 5
5.735 1.06811 0
5.735 1.06811 0
5.36907 1.01706 5
5.735 1.06811 5
5.735 1.06811 0
5.735 1.06811 5
6.09465 1.1527 0
6.09465 1.1527 0
5.735 1.06811 5
6.09465 1.1527 5
6.09465 1.1527 0
6.09465 1.1527 5
6.44497 1.27011 0
6.44497 1.27011 0
6.09465 1.1527 5
6.44497 1.27011 5
6.44497 1.27011 0
6.44497 1.27011 5
6.78295 1.41935 0
6.78295 1.41935 0
6.44497 1.27011 5
6.78295 1.41935 5
6.78295 1.41935 0
6.78295 1.41935 5
7.10573 1.59913 0
7.10573 1.59913 0
6.78295 1.41935 5
7.10573 1.59913 5
7.10573 1.59913 0
7.10573 1.59913 5
7.41054 1.80793 0
7.41054 1.80793 0
7.10573 1.59913 5
7.41054 1.80793 5
7.41054 1.80793 0
7.41054 1.80793 5
7.69478 2.04396 0
7.69478 2.04396 0
7.41054 1.80793 5
7.69478 2.04396 5
7.69478 2.04396 0
7.69478 2.04396 5
7.95604 2.30522 0
7.95604 2.30522 0
7.69478 2.04396 5
7.95604 2.30522 5
7.95604 2.30522 0
7.95604 2.30522 5
8.19207 2.58946 0
8.19207 2.58946 0
7.95604 2.30522 5
8.19207 2.58946 5
8.19207 2.58946 0
8.19207 2.58946 5
8.40087 2.89427 0
8.40087 2.89427 0
8.19207 2.58946 5
8.40087 2.89427 5
8.40087 2.89427 0
8.40087 2.89427 5
8.58065 3.21705 0
8.58065 3.21705 0
8.40087 2.89427 5
8.58065 3.21705 5
8.58065 3.21705 0
8.58065 3.21705 5
8.72989 3.55503 0
8.72989 3.55503 0
8.58065 3.21705 5
8.72989 3.55503 5
8.72989 3.55503 0
8.72989 3.55503 5
8.8473 3.90535 0
8.8473 3.90535 0
8.72989 3.55503 5
8.8473 3.90535 5
8.8473 3.90535 0
8.8473 3.90535 5
8.93189 4.265 0
8.93189 4.265 0
8.8473 3.90535 5
8.93189 4.265 5
8.93189 4.265 0
8.93189 4.265 5
8.98294 4.63093 0
8.98294 4.63093 0
8.93189 4.265 5
8.98294 4.63093 5
22.983 4.68112 0
22.983 4.68112 5
23 5 0
23 5 0
22.983 4.68112 5
23 5 5
23 5 0
23 5 5
22.983 5.31888 0
22.983 5.31888 0
23 5 5
22.983 5.31888 5
22.983 5.31888 0
22.983 5.31888 5
22.9322 5.63415 0
22.9322 5.63415 0
22.983 5.31888 5
22.9322 5.63415 5
22.9322 5.63415 0
22.9322 5.63415 5
22.8482 5.94223 0
22.8482 5.94223 0
22.9322 5.63415 5
22.8482 5.94223 5
22.8482 5.94223 0
22.8482 5.94223 5
22.7319 6.23964 0
22.7319 6.23964 0
22.8482 5.94223 5
22.7319 6.23964 5
22.7319 6.23964 0
22.7319 6.23964 5
22.5847 6.523 0
22.5847 6.523 0
22.7319 6.23964 5
22.5847 6.523 5
22.5847 6.523 0
22.5847 6.523 5
22.4081 6.7891 0
22.4081 6.7891 0
22.5847 6.523 5
22.4081 6.7891 5
22.4081 6.7891 0
22.4081 6.7891 5
22.2043 7.03494 0
22.2043 7.03494 0
22.4081 6.7891 5
22.2043 7.03494 5
22.2043 7.03494 0
22.2043 7.03494 5
21.9755 7.25771 0
21.9755 7.25771 0
22.2043 7.03494 5
21.9755 7.25771 5
21.9755 7.25771 0
21.9755 7.25771 5
21.7244 7.45491 0
21.7244 7.45491 0
21.9755 7.25771 5
21.7244 7.45491 5
21.7244 7.45491 0
21.7244 7.45491 5
21.4537 7.62429 0
21.4537 7.62429 0
21.7244 7.45491 5
21.4537 7.62429 5
21.4537 7.62429 0
21.4537 7.62429 5
21.1665 7.76394 0
21.1665 7.76394 0
21.4537 7.62429 5
21.1665 7.76394 5
21.1665 7.76394 0
21.1665 7.76394 5
20.8661 7.87227 0
20.8661 7.87227 0
21.1665 7.76394 5
20.8661 7.87227 5
20.8661 7.87227 0
20.8661 7.87227 5
20.5559 7.94805 0
20.5559 7.94805 0
20.8661 7.87227 5
20.5559 7.94805 5
20.5559 7.94805 0
20.5559 7.94805 5
20.2394 7.99044 0
20.2394 7.99044 0
20.5559 7.94805 5
20.2394 7.99044 5
20.2394 7.99044 0
20.2394 7.99044 5
19.9201 7.99894 0
19.9201 7.99894 0
20.2394 7.99044 5
19.9201 7.99894 5
19.9201 7.99894 0
19.9201 7.99894 5
19.6018 7.97346 0
19.6018 7.97346 0
19.9201 7.99894 5
19.6018 7.97346 5
19.6018 7.97346 0
19.6018 7.97346 5
19.288 7.91429 0
19.288 7.91429 0
19.6018 7.97346 5
19.288 7.91429 5
19.288 7.91429 0
19.288 7.91429 5
18.9823 7.8221 0
18.9823 7.8221 0
19.288 7.91429 5
18.9823 7.8221 5
18.9823 7.8221 0
18.9823 7.8221 5
18.6881 7.69794 0
18.6881 7.69794 0
18.9823 7.8221 5
18.6881 7.69794 5
18.6881 7.69794 0
18.6881 7.69794 5
18.4087 7.5432 0
18.4087 7.5432 0
18.6881 7.69794 5
18.4087 7.5432 5
18.4087 7.5432 0
18.4087 7.5432 5
18.1474 7.35965 0
18.1474 7.35965 0
18.4087 7.5432 5
18.1474 7.35965 5
18.1474 7.35965 0
18.1474 7.35965 5
17.9071 7.14937 0
17.9071 7.14937 0
18.1474 7.35965 5
17.9071 7.14937 5
17.9071 7.14937 0
17.9071 7.14937 5
17.6905 6.91473 0
17.6905 6.91473 0
17.9071 7.14937 5
17.6905 6.91473 5
17.6905 6.91473 0
17.6905 6.91473 5
17.5001 6.6584 0
17.5001 6.6584 0
17.6905 6.91473 5
17.5001 6.6584 5
17.5001 6.6584 0
17.5001 6.6584 5
17.3379 6.38328 0
17.3379 6.38328 0
17.5001 6.6584 5
17.3379 6.38328 5
17.3379 6.38328 0
17.3379 6.38328 5
17.206 6.09248 0
17.206 6.09248 0
17.3379 6.38328 5
17.206 6.09248 5
17.206 6.09248 0
17.206 6.09248 5
17.1057 5.78931 0
17.1057 5.78931 0
17.206 6.09248 5
17.1057 5.78931 5
17.1057 5.78931 0
17.1057 5.78931 5
17.0382 5.47719 0
17.0382 5.47719 0
17.1057 5.78931 5
17.0382 5.47719 5
17.0382 5.47719 0
17.0382 5.47719 5
17.0043 5.15967 0
17.0043 5.15967 0
17.0382 5.47719 5
17.0043 5.15967 5
17.0043 5.15967 0
17.0043 5.15967 5
17.0043 4.84033 0
17.0043 4.84033 0
17.0043 5.15967 5
17.0043 4.84033 5
17.0043 4.84033 0
17.0043 4.84033 5
17.0382 4.52281 0
17.0382 4.52281 0
17.0043 4.84033 5
17.0382 4.52281 5
17.0382 4.52281 0
17.0382 4.52281 5
17.1057 4.21069 0
17.1057 4.21069 0
17.0382 4.52281 5
17.1057 4.21069 5
17.1057 4.21069 0
17.1057 4.21069 5
17.206 3.90752 0
17.206 3.90752 0
17.1057 4.21069 5
17.206 3.90752 5
17.206 3.90752 0
17.206 3.90752 5
17.3379 3.61672 0
17.3379 3.61672 0
17.206 3.90752 5
17.3379 3.61672 5
17.3379 3.61672 0
17.3379 3.61672 5
17.5001 3.3416 0
17.5001 3.3416 0
17.3379 3.61672 5
17.5001 3.3416 5
17.5001 3.3416 0
17.5001 3.3416 5
17.6905 3.08527 0
17.6905 3.08527 0
17.5001 3.3416 5
17.6905 3.08527 5
17.6905 3.08527 0
17.6905 3.08527 5
17.9071 2.85063 0
17.9071 2.85063 0
17.6905 3.08527 5
17.9071 2.85063 5
17.9071 2.85063 0
17.9071 2.85063 5
18.1474 2.64035 0
18.1474 2.64035 0
17.9071 2.85063 5
18.1474 2.64035 5
18.1474 2.64035 0
18.1474 2.64035 5
18.4087 2.4568 0
18.4087 2.4568 0
18.1474 2.64035 5
18.4087 2.4568 5
18.4087 2.4568 0
18.4087 2.4568 5
18.6881 2.30206 0
18.6881 2.30206 0
18.4087 2.4568 5
18.6881 2.30206 5
18.6881 2.30206 0
18.6881 2.30206 5
18.9823 2.1779 0
18.9823 2.1779 0
18.6881 2.30206 5
18.9823 2.1779 5
18.9823 2.1779 0
18.9823 2.1779 5
19.288 2.08571 0
19.288 2.08571 0
18.9823 2.1779 5
19.288 2.08571 5
19.288 2.08571 0
19.288 2.08571 5
19.6018 2.02654 0
19.6018 2.02654 0
19.288 2.08571 5
19.6018 2.02654 5
19.6018 2.02654 0
19.6018 2.02654 5
19.9201 2.00106 0
19.9201 2.00106 0
19.6018 2.02654 5
19.9201 2.00106 5
19.9201 2.00106 0
19.9201 2.00106 5
20.2394 2.00956 0
20.2394 2.00956 0
19.9201 2.00106 5
20.2394 2.00956 5
20.2394 2.00956 0
20.2394 2.00956 5
20.5559 2.05195 0
20.5559 2.05195 0
20.2394 2.00956 5
20.5559 2.05195 5
20.5559 2.05195 0
20.5559 2.05195 5
20.8661 2.12773 0
20.8661 2.12773 0
20.5559 2.05195 5
20.8661 2.12773 5
20.8661 2.12773 0
20.8661 2.12773 5
21.1665 2.23606 0
21.1665 2.23606 0
20.8661 2.12773 5
21.1665 2.23606 5
21.1665 2.23606 0
21.1665 2.23606 5
21.4537 2.37571 0
21.4537 2.37571 0
21.1665 2.23606 5
21.4537 2.37571 5
21.4537 2.37571 0
21.4537 2.37571 5
21.7244 2.54509 0
21.7244 2.54509 0
21.4537 2.37571 5
21.7244 2.54509 5
21.7244 2.54509 0
21.7244 2.54509 5
21.9755 2.74229 0
21.9755 2.74229 0
21.7244 2.54509 5
21.9755 2.74229 5
21.9755 2.74229 0
21.9755 2.74229 5
22.2043 2.96506 0
22.2043 2.96506 0
21.9755 2.74229 5
22.2043 2.96506 5
22.2043 2.96506 0
22.2043 2.96506 5
22.4081 3.2109 0
22.4081 3.2109 0
22.2043 2.96506 5
22.4081 3.2109 5
22.4081 3.2109 0
22.4081 3.2109 5
22.5847 3.477 0
22.5847 3.477 0
22.4081 3.2109 5
22.5847 3.477 5
22.5847 3.477 0
22.5847 3.477 5
22.7319 3.76036 0
22.7319 3.76036 0
22.5847 3.477 5
22.7319 3.76036 5
22.7319 3.76036 0
22.7319 3.76036 5
22.8482 4.05777 0
22.8482 4.05777 0
22.7319 3.76036 5
22.8482 4.05777 5
22.8482 4.05777 0
22.8482 4.05777 5
22.9322 4.36585 0
22.9322 4.36585 0
22.8482 4.05777 5
22.9322 4.36585 5
22.9322 4.36585 0
22.9322 4.36585 5
22.983 4.68112 0
22.983 4.68112 0
22.9322 4.36585 5
22.983 4.68112 5
8.98294 4.63093 5
17.0043 4.84033 5
9 5 5
9 5 5
17.0043 4.84033 5
17.0043 5.15967 5
9 5 5
17.0043 5.15967 5
8.98294 5.36907 5
8.98294 5.36907 5
17.0043 5.15967 5
17.0382 5.47719 5
8.98294 5.36907 5
17.0382 5.47719 5
8.93189 5.735 5
8.93189 5.735 5
17.0382 5.47719 5
17.1057 5.78931 5
8.93189 5.735 5
17.1057 5.78931 5
8.8473 6.09465 5
8.8473 6.09465 5
17.1057 5.78931 5
17.206 6.09248 5
8.8473 6.09465 5
17.206 6.09248 5
8.72989 6.44497 5
8.72989 6.44497 5
17.206 6.09248 5
17.3379 6.38328 5
8.72989 6.44497 5
17.3379 6.38328 5
8.58065 6.78295 5
8.58065 6.78295 5
17.3379 6.38328 5
17.5001 6.6584 5
8.58065 6.78295 5
17.5001 6.6584 5
17.6905 6.91473 5
17.0043 4.84033 5
8.98294 4.63093 5
17.0382 4.52281 5
17.0382 4.52281 5
8.98294 4.63093 5
8.93189 4.265 5
17.0382 4.52281 5
8.93189 4.265 5
17.1057 4.21069 5
17.1057 4.21069 5
8.93189 4.265 5
8.8473 3.90535 5
17.1057 4.21069 5
8.8473 3.90535 5
17.206 3.90752 5
17.206 3.90752 5
8.8473 3.90535 5
8.72989 3.55503 5
17.206 3.90752 5
8.72989 3.55503 5
17.3379 3.61672 5
17.3379 3.61672 5
8.72989 3.55503 5
8.58065 3.21705 5
17.3379 3.61672 5
8.58065 3.21705 5
17.5001 3.3416 5
17.5001 3.3416 5
8.58065 3.21705 5
17.6905 3.08527 5
17.6905 3.08527 5
8.58065 3.21705 5
8.40087 2.89427 5
17.6905 3.08527 5
8.40087 2.89427 5
17.9071 2.85063 5
17.9071 2.85063 5
8.40087 2.89427 5
8.19207 2.58946 5
17.9071 2.85063 5
8.19207 2.58946 5
18.1474 2.64035 5
18.1474 2.64035 5
8.19207 2.58946 5
7.95604 2.30522 5
18.1474 2.64035 5
7.95604 2.30522 5
18.4087 2.4568 5
18.4087 2.4568 5
7.95604 2.30522 5
7.69478 2.04396 5
18.4087 2.4568 5
7.69478 2.04396 5
18.6881 2.30206 5
18.6881 2.30206 5
7.69478 2.04396 5
7.41054 1.80793 5
18.6881 2.30206 5
7.41054 1.80793 5
20 0 5
20 0 5
7.41054 1.80793 5
7.10573 1.59913 5
20 0 5
7.10573 1.59913 5
6.78295 1.41935 5
6.78295 1.41935 5
6.44497 1.27011 5
20 0 5
20 0 5
6.44497 1.27011 5
6.09465 1.1527 5
20 0 5
6.09465 1.1527 5
5.735 1.06811 5
5.735 1.06811 5
5.36907 1.01706 5
20 0 5
20 0 5
5.36907 1.01706 5
0 0 5
0 0 5
5.36907 1.01706 5
5 1 5
0 0 5
5 1 5
4.63093 1.01706 5
4.63093 1.01706 5
4.265 1.06811 5
0 0 5
0 0 5
4.265 1.06811 5
3.90535 1.1527 5
0 0 5
3.90535 1.1527 5
3.55503 1.27011 5
3.55503 1.27011 5
3.21705 1.41935 5
0 0 5
0 0 5
3.21705 1.41935 5
2.89427 1.59913 5
0 0 5
2.89427 1.59913 5
2.58946 1.80793 5
2.58946 1.80793 5
2.30522 2.04396 5
0 0 5
0 0 5
2.30522 2.04396 5
2.04396 2.30522 5
0 0 5
2.04396 2.30522 5
1.80793 2.58946 5
1.80793 2.58946 5
1.59913 2.89427 5
0 0 5
0 0 5
1.59913 2.89427 5
1.41935 3.21705 5
0 0 5
1.41935 3.21705 5
1.27011 3.55503 5
1.27011 3.55503 5
1.1527 3.90535 5
0 0 5
0 0 5
1.1527 3.90535 5
1.06811 4.265 5
0 0 5
1.06811 4.265 5
1.01706 4.63093 5
1.01706 4.63093 5
1 5 5
0 0 5
0 0 5
1 5 5
0 10 5
0 10 5
1 5 5
1.01706 5.36907 5
0 10 5
1.01706 5.36907 5
1.06811 5.735 5
1.06811 5.735 5
1.1527 6.09465 5
0 10 5
0 10 5
1.1527 6.09465 5
1.27011 6.44497 5
0 10 5
1.27011 6.44497 5
1.41935 6.78295 5
1.41935 6.78295 5
1.59913 7.10573 5
0 10 5
0 10 5
1.59913 7.10573 5
1.80793 7.41054 5
0 10 5
1.80793 7.41054 5
2.04396 7.69478 5
2.04396 7.69478 5
2.30522 7.95604 5
0 10 5
0 10 5
2.30522 7.95604 5
2.58946 8.19207 5
0 10 5
2.58946 8.19207 5
2.89427 8.40087 5
2.89427 8.40087 5
3.21705 8.58065 5
0 10 5
0 10 5
3.21705 8.58065 5
3.55503 8.72989 5
0 10 5
3.55503 8.72989 5
3.90535 8.8473 5
3.90535 8.8473 5
4.265 8.93189 5
0 10 5
0 10 5
4.265 8.93189 5
4.63093 8.98294 5
0 10 5
4.63093 8.98294 5
5 9 5
5 9 5
5.36907 8.98294 5
0 10 5
0 10 5
5.36907 8.98294 5
20 10 5
20 10 5
5.36907 8.98294 5
5.735 8.93189 5
20 10 5
5.735 8.93189 5
6.09465 8.8473 5
6.09465 8.8473 5
6.44497 8.72989 5
20 10 5
20 10 5
6.44497 8.72989 5
6.78295 8.58065 5
20 10 5
6.78295 8.58065 5
7.10573 8.40087 5
7.10573 8.40087 5
7.41054 8.19207 5
20 10 5
20 10 5
7.41054 8.19207 5
18.6881 7.69794 5
20 10 5
18.6881 7.69794 5
18.9823 7.8221 5
7.41054 8.19207 5
7.69478 7.95604 5
18.6881 7.69794 5
18.6881 7.69794 5
7.69478 7.95604 5
18.4087 7.5432 5
18.4087 7.5432 5
7.69478 7.95604 5
7.95604 7.69478 5
18.4087 7.5432 5
7.95604 7.69478 5
18.1474 7.35965 5
18.1474 7.35965 5
7.95604 7.69478 5
8.19207 7.41054 5
18.1474 7.35965 5
8.19207 7.41054 5
17.9071 7.14937 5
17.9071 7.14937 5
8.19207 7.41054 5
8.40087 7.10573 5
17.9071 7.14937 5
8.40087 7.10573 5
17.6905 6.91473 5
17.6905 6.91473 5
8.40087 7.10573 5
8.58065 6.78295 5
22.983 5.31888 5
23 5 5
25 5 5
25 5 5
23 5 5
22.983 4.68112 5
25 5 5
22.983 4.68112 5
24.9829 4.5871 5
24.9829 4.5871 5
22.983 4.68112 5
22.9322 4.36585 5
24.9829 4.5871 5
22.9322 4.36585 5
24.9318 4.17703 5
24.9318 4.17703 5
22.9322 4.36585 5
22.8482 4.05777 5
24.9318 4.17703 5
22.8482 4.05777 5
24.847 3.77257 5
24.847 3.77257 5
22.8482 4.05777 5
22.7319 3.76036 5
24.847 3.77257 5
22.7319 3.76036 5
24.7291 3.3765 5
24.7291 3.3765 5
22.7319 3.76036 5
22.5847 3.477 5
24.7291 3.3765 5
22.5847 3.477 5
24.5789 2.99152 5
24.5789 2.99152 5
22.5847 3.477 5
22.4081 3.2109 5
24.5789 2.99152 5
22.4081 3.2109 5
22.2043 2.96506 5
24.5789 2.99152 5
22.2043 2.96506 5
24.3974 2.62026 5
24.3974 2.62026 5
22.2043 2.96506 5
21.9755 2.74229 5
24.3974 2.62026 5
21.9755 2.74229 5
24.1858 2.26526 5
24.1858 2.26526 5
21.9755 2.74229 5
21.7244 2.54509 5
24.1858 2.26526 5
21.7244 2.54509 5
23.9457 1.92894 5
23.9457 1.92894 5
21.7244 2.54509 5
21.4537 2.37571 5
23.9457 1.92894 5
21.4537 2.37571 5
23.6786 1.61359 5
23.6786 1.61359 5
21.4537 2.37571 5
21.1665 2.23606 5
23.6786 1.61359 5
21.1665 2.23606 5
20.8661 2.12773 5
20.5559 2.05195 5
23.0711 1.0543 5
20.8661 2.12773 5
20.8661 2.12773 5
23.0711 1.0543 5
23.3864 1.32138 5
20.8661 2.12773 5
23.3864 1.32138 5
23.6786 1.61359 5
23.0711 1.0543 5
20.5559 2.05195 5
22.7347 0.814168 5
22.7347 0.814168 5
20.5559 2.05195 5
20.2394 2.00956 5
22.7347 0.814168 5
20.2394 2.00956 5
22.3797 0.602631 5
22.3797 0.602631 5
20.2394 2.00956 5
22.0085 0.421133 5
22.0085 0.421133 5
20.2394 2.00956 5
19.9201 2.00106 5
22.0085 0.421133 5
19.9201 2.00106 5
21.6235 0.270914 5
21.6235 0.270914 5
19.9201 2.00106 5
21.2274 0.152999 5
21.2274 0.152999 5
19.9201 2.00106 5
20.823 0.0681935 5
20.823 0.0681935 5
19.9201 2.00106 5
20.4129 0.0170775 5
20.4129 0.0170775 5
19.9201 2.00106 5
20 0 5
20 0 5
19.9201 2.00106 5
19.6018 2.02654 5
20 0 5
19.6018 2.02654 5
19.288 2.08571 5
19.288 2.08571 5
18.9823 2.1779 5
20 0 5
20 0 5
18.9823 2.1779 5
18.6881 2.30206 5
18.9823 7.8221 5
19.288 7.91429 5
20 10 5
20 10 5
19.288 7.91429 5
19.6018 7.97346 5
20 10 5
19.6018 7.97346 5
19.9201 7.99894 5
20.2394 7.99044 5
22.0085 9.57887 5
19.9201 7.99894 5
19.9201 7.99894 5
22.0085 9.57887 5
21.6235 9.72909 5
19.9201 7.99894 5
21.6235 9.72909 5
21.2274 9.847 5
20.5559 7.94805 5
22.7347 9.18583 5
20.2394 7.99044 5
20.2394 7.99044 5
22.7347 9.18583 5
22.3797 9.39737 5
20.2394 7.99044 5
22.3797 9.39737 5
22.0085 9.57887 5
22.7347 9.18583 5
20.5559 7.94805 5
23.0711 8.9457 5
23.0711 8.9457 5
20.5559 7.94805 5
20.8661 7.87227 5
23.0711 8.9457 5
20.8661 7.87227 5
23.3864 8.67862 5
23.3864 8.67862 5
20.8661 7.87227 5
23.6786 8.38641 5
23.6786 8.38641 5
20.8661 7.87227 5
21.1665 7.76394 5
23.6786 8.38641 5
21.1665 7.76394 5
21.4537 7.62429 5
23.6786 8.38641 5
21.4537 7.62429 5
23.9457 8.07106 5
23.9457 8.07106 5
21.4537 7.62429 5
21.7244 7.45491 5
23.9457 8.07106 5
21.7244 7.45491 5
24.1858 7.73474 5
24.1858 7.73474 5
21.7244 7.45491 5
21.9755 7.25771 5
24.1858 7.73474 5
21.9755 7.25771 5
24.3974 7.37974 5
24.3974 7.37974 5
21.9755 7.25771 5
22.2043 7.03494 5
24.3974 7.37974 5
22.2043 7.03494 5
24.5789 7.00848 5
24.5789 7.00848 5
22.2043 7.03494 5
22.4081 6.7891 5
24.5789 7.00848 5
22.4081 6.7891 5
22.5847 6.523 5
24.5789 7.00848 5
22.5847 6.523 5
24.7291 6.6235 5
24.7291 6.6235 5
22.5847 6.523 5
22.7319 6.23964 5
24.7291 6.6235 5
22.7319 6.23964 5
24.847 6.22743 5
24.847 6.22743 5
22.7319 6.23964 5
22.8482 5.94223 5
24.847 6.22743 5
22.8482 5.94223 5
24.9318 5.82297 5
24.9318 5.82297 5
22.8482 5.94223 5
22.9322 5.63415 5
24.9318 5.82297 5
22.9322 5.63415 5
24.9829 5.4129 5
24.9829 5.4129 5
22.9322 5.63415 5
22.983 5.31888 5
24.9829 5.4129 5
22.983 5.31888 5
25 5 5
21.2274 9.847 5
20.823 9.93181 5
19.9201 7.99894 5
19.9201 7.99894 5
20.823 9.93181 5
20.4129 9.98292 5
19.9201 7.99894 5
20.4129 9.98292 5
20 10 5
20 0 5
0 0 5
20 0 0
20 0 0
0 0 5
0 0 0
0 0 5
0 10 5
0 0 0
0 0 0
0 10 5
0 10 0
0 10 5
20 10 5
0 10 0
0 10 0
20 10 5
20 10 0
20 10 0
20 10 5
20.4129 9.98292 0
20.4129 9.98292 0
20 10 5
20.4129 9.98292 5
20.4129 9.98292 0
20.4129 9.98292 5
20.823 9.93181 0
20.823 9.93181 0
20.4129 9.98292 5
20.823 9.93181 5
20.823 9.93181 0
20.823 9.93181 5
21.2274 9.847 0
21.2274 9.847 0
20.823 9.93181 5
21.2274 9.847 5
21.2274 9.847 0
21.2274 9.847 5
21.6235 9.72909 0
21.6235 9.72909 0
21.2274 9.847 5
21.6235 9.72909 5
21.6235 9.72909 0
21.6235 9.72909 5
22.0085 9.57887 0
22.0085 9.57887 0
21.6235 9.72909 5
22.0085 9.57887 5
22.0085 9.57887 0
22.0085 9.57887 5
22.3797 9.39737 0
22.3797 9.39737 0
22.0085 9.57887 5
22.3797 9.39737 5
22.3797 9.39737 0
22.3797 9.39737 5
22.7347 9.18583 0
22.7347 9.18583 0
22.3797 9.39737 5
22.7347 9.18583 5
22.7347 9.18583 0
22.7347 9.18583 5
23.0711 8.9457 0
23.0711 8.9457 0
22.7347 9.18583 5
23.0711 8.9457 5
23.0711 8.9457 0
23.0711 8.9457 5
23.3864 8.67862 0
23.3864 8.67862 0
23.0711 8.9457 5
23.3864 8.67862 5
23.3864 8.67862 0
23.3864 8.67862 5
23.6786 8.38641 0
23.6786 8.38641 0
23.3864 8.67862 5
23.6786 8.38641 5
23.6786 8.38641 0
23.6786 8.38641 5
23.9457 8.07106 0
23.9457 8.07106 0
23.6786 8.38641 5
23.9457 8.07106 5
23.9457 8.07106 0
23.9457 8.07106 5
24.1858 7.73474 0
24.1858 7.73474 0
23.9457 8.07106 5
24.1858 7.73474 5
24.1858 7.73474 0
24.1858 7.73474 5
24.3974 7.37974 0
24.3974 7.37974 0
24.1858 7.73474 5
24.3974 7.37974 5
24.3974 7.37974 0
24.3974 7.37974 5
24.5789 7.00848 0
24.5789 7.00848 0
24.3974 7.37974 5
24.5789 7.00848 5
24.5789 7.00848 0
24.5789 7.00848 5
24.7291 6.6235 0
24.7291 6.6235 0
24.5789 7.00848 5
24.7291 6.6235 5
24.7291 6.6235 0
24.7291 6.6235 5
24.847 6.22743 0
24.847 6.22743 0
24.7291 6.6235 5
24.847 6.22743 5
24.847 6.22743 0
24.847 6.22743 5
24.9318 5.82297 0
24.9318 5.82297 0
24.847 6.22743 5
24.9318 5.82297 5
24.9318 5.82297 0
24.9318 5.82297 5
24.9829 5.4129 0
24.9829 5.4129 0
24.9318 5.82297 5
24.9829 5.4129 5
24.9829 5.4129 0
24.9829 5.4129 5
25 5 0
25 5 0
24.9829 5.4129 5
25 5 5
25 5 0
25 5 5
24.9829 4.5871 0
24.9829 4.5871 0
25 5 5
24.9829 4.5871 5
24.9829 4.5871 0
24.9829 4.5871 5
24.9318 4.17703 0
24.9318 4.17703 0
24.9829 4.5871 5
24.9318 4.17703 5
24.9318 4.17703 0
24.9318 4.17703 5
24.847 3.77257 0
24.847 3.77257 0
24.9318 4.17703 5
24.847 3.77257 5
24.847 3.77257 0
24.847 3.77257 5
24.7291 3.3765 0
24.7291 3.3765 0
24.847 3.77257 5
24.7291 3.3765 5
24.7291 3.3765 0
24.7291 3.3765 5
24.5789 2.99152 0
24.5789 2.99152 0
24.7291 3.3765 5
24.5789 2.99152 5
24.5789 2.99152 0
24.5789 2.99152 5
24.3974 2.62026 0
24.3974 2.62026 0
24.5789 2.99152 5
24.3974 2.62026 5
24.3974 2.62026 0
24.3974 2.62026 5
24.1858 2.26526 0
24.1858 2.26526 0
24.3974 2.62026 5
24.1858 2.26526 5
24.1858 2.26526 0
24.1858 2.26526 5
23.9457 1.92894 0
23.9457 1.92894 0
24.1858 2.26526 5
23.9457 1.92894 5
23.9457 1.92894 0
23.9457 1.92894 5
23.6786 1.61359 0
23.6786 1.61359 0
23.9457 1.92894 5
23.6786 1.61359 5
23.6786 1.61359 0
23.6786 1.61359 5
23.3864 1.32138 0
23.3864 1.32138 0
23.6786 1.61359 5
23.3864 1.32138 5
23.3864 1.32138 0
23.3864 1.32138 5
23.0711 1.0543 0
23.0711 1.0543 0
23.3864 1.32138 5
23.0711 1.0543 5
23.0711 1.0543 0
23.0711 1.0543 5
22.7347 0.814168 0
22.7347 0.814168 0
23.0711 1.0543 5
22.7347 0.814168 5
22.7347 0.814168 0
22.7347 0.814168 5
22.3797 0.602631 0
22.3797 0.602631 0
22.7347 0.814168 5
22.3797 0.602631 5
22.3797 0.602631 0
22.3797 0.602631 5
22.0085 0.421133 0
22.0085 0.421133 0
22.3797 0.602631 5
22.0085 0.421133 5
22.0085 0.421133 0
22.0085 0.421133 5
21.6235 0.270914 0
21.6235 0.270914 0
22.0085 0.421133 5
21.6235 0.270914 5
21.6235 0.270914 0
21.6235 0.270914 5
21.2274 0.152999 0
21.2274 0.152999 0
21.6235 0.270914 5
21.2274 0.152999 5
21.2274 0.152999 0
21.2274 0.152999 5
20.823 0.0681935 0
20.823 0.0681935 0
21.2274 0.152999 5
20.823 0.0681935 5
20.823 0.0681935 0
20.823 0.0681935 5
20.4129 0.0170775 0
20.4129 0.0170775 0
20.823 0.0681935 5
20.4129 0.0170775 5
20.4129 0.0170775 0
20.4129 0.0170775 5
20 0 0
20 0 0
20.4129 0.0170775 5
20 0 5
8.98294 5.36907 0
17.0043 5.15967 0
9 5 0
9 5 0
17.0043 5.15967 0
17.0043 4.84033 0
9 5 0
17.0043 4.84033 0
8.98294 4.63093 0
8.98294 4.63093 0
17.0043 4.84033 0
17.0382 4.52281 0
8.98294 4.63093 0
17.0382 4.52281 0
8.93189 4.265 0
8.93189 4.265 0
17.0382 4.52281 0
17.1057 4.21069 0
8.93189 4.265 0
17.1057 4.21069 0
8.8473 3.90535 0
8.8473 3.90535 0
17.1057 4.21069 0
17.206 3.90752 0
8.8473 3.90535 0
17.206 3.90752 0
8.72989 3.55503 0
8.72989 3.55503 0
17.206 3.90752 0
17.3379 3.61672 0
8.72989 3.55503 0
17.3379 3.61672 0
8.58065 3.21705 0
8.58065 3.21705 0
17.3379 3.61672 0
17.5001 3.3416 0
8.58065 3.21705 0
17.5001 3.3416 0
17.6905 3.08527 0
17.0043 5.15967 0
8.98294 5.36907 0
17.0382 5.47719 0
17.0382 5.47719 0
8.98294 5.36907 0
8.93189 5.735 0
17.0382 5.47719 0
8.93189 5.735 0
17.1057 5.78931 0
17.1057 5.78931 0
8.93189 5.735 0
8.8473 6.09465 0
17.1057 5.78931 0
8.8473 6.09465 0
17.206 6.09248 0
17.206 6.09248 0
8.8473 6.09465 0
8.72989 6.44497 0
17.206 6.09248 0
8.72989 6.44497 0
17.3379 6.38328 0
17.3379 6.38328 0
8.72989 6.44497 0
8.58065 6.78295 0
17.3379 6.38328 0
8.58065 6.78295 0
17.5001 6.6584 0
17.5001 6.6584 0
8.58065 6.78295 0
17.6905 6.91473 0
17.6905 6.91473 0
8.58065 6.78295 0
8.40087 7.10573 0
17.6905 6.91473 0
8.40087 7.10573 0
17.9071 7.14937 0
17.9071 7.14937 0
8.40087 7.10573 0
8.19207 7.41054 0
17.9071 7.14937 0
8.19207 7.41054 0
18.1474 7.35965 0
18.1474 7.35965 0
8.19207 7.41054 0
7.95604 7.69478 0
18.1474 7.35965 0
7.95604 7.69478 0
18.4087 7.5432 0
18.4087 7.5432 0
7.95604 7.69478 0
7.69478 7.95604 0
18.4087 7.5432 0
7.69478 7.95604 0
18.6881 7.69794 0
18.6881 7.69794 0
7.69478 7.95604 0
7.41054 8.19207 0
18.6881 7.69794 0
7.41054 8.19207 0
20 10 0
20 10 0
7.41054 8.19207 0
7.10573 8.40087 0
20 10 0
7.10573 8.40087 0
6.78295 8.58065 0
6.78295 8.58065 0
6.44497 8.72989 0
20 10 0
20 10 0
6.44497 8.72989 0
6.09465 8.8473 0
20 10 0
6.09465 8.8473 0
5.735 8.93189 0
5.735 8.93189 0
5.36907 8.98294 0
20 10 0
20 10 0
5.36907 8.98294 0
0 10 0
0 10 0
5.36907 8.98294 0
5 9 0
0 10 0
5 9 0
4.63093 8.98294 0
4.63093 8.98294 0
4.265 8.93189 0
0 10 0
0 10 0
4.265 8.93189 0
3.90535 8.8473 0
0 10 0
3.90535 8.8473 0
3.55503 8.72989 0
3.55503 8.72989 0
3.21705 8.58065 0
0 10 0
0 10 0
3.21705 8.58065 0
2.89427 8.40087 0
0 10 0
2.89427 8.40087 0
2.58946 8.19207 0
2.58946 8.19207 0
2.30522 7.95604 0
0 10 0
0 10 0
2.30522 7.95604 0
2.04396 7.69478 0
0 10 0
2.04396 7.69478 0
1.80793 7.41054 0
1.80793 7.41054 0
1.59913 7.10573 0
0 10 0
0 10 0
1.59913 7.10573 0
1.41935 6.78295 0
0 10 0
1.41935 6.78295 0
1.27011 6.44497 0
1.27011 6.44497 0
1.1527 6.09465 0
0 10 0
0 10 0
1.1527 6.09465 0
1.06811 5.735 0
0 10 0
1.06811 5.735 0
1.01706 5.36907 0
1.01706 5.36907 0
1 5 0
0 10 0
0 10 0
1 5 0
0 0 0
0 0 0
1 5 0
1.01706 4.63093 0
0 0 0
1.01706 4.63093 0
1.06811 4.265 0
1.06811 4.265 0
1.1527 3.90535 0
0 0 0
0 0 0
1.1527 3.90535 0
1.27011 3.55503 0
0 0 0
1.27011 3.55503 0
1.41935 3.21705 0
1.41935 3.21705 0
1.59913 2.89427 0
0 0 0
0 0 0
1.59913 2.89427 0
1.80793 2.58946 0
0 0 0
1.80793 2.58946 0
2.04396 2.30522 0
2.04396 2.30522 0
2.30522 2.04396 0
0 0 0
0 0 0
2.30522 2.04396 0
2.58946 1.80793 0
0 0 0
2.58946 1.80793 0
2.89427 1.59913 0
2.89427 1.59913 0
3.21705 1.41935 0
0 0 0
0 0 0
3.21705 1.41935 0
3.55503 1.27011 0
0 0 0
3.55503 1.27011 0
3.90535 1.1527 0
3.90535 1.1527 0
4.265 1.06811 0
0 0 0
0 0 0
4.265 1.06811 0
4.63093 1.01706 0
0 0 0
4.63093 1.01706 0
5 1 0
5 1 0
5.36907 1.01706 0
0 0 0
0 0 0
5.36907 1.01706 0
20 0 0
20 0 0
5.36907 1.01706 0
5.735 1.06811 0
20 0 0
5.735 1.06811 0
6.09465 1.1527 0
6.09465 1.1527 0
6.44497 1.27011 0
20 0 0
20 0 0
6.44497 1.27011 0
6.78295 1.41935 0
20 0 0
6.78295 1.41935 0
7.10573 1.59913 0
7.10573 1.59913 0
7.41054 1.80793 0
20 0 0
20 0 0
7.41054 1.80793 0
18.6881 2.30206 0
20 0 0
18.6881 2.30206 0
18.9823 2.1779 0
7.41054 1.80793 0
7.69478 2.04396 0
18.6881 2.30206 0
18.6881 2.30206 0
7.69478 2.04396 0
18.4087 2.4568 0
18.4087 2.4568 0
7.69478 2.04396 0
7.95604 2.30522 0
18.4087 2.4568 0
7.95604 2.30522 0
18.1474 2.64035 0
18.1474 2.64035 0
7.95604 2.30522 0
8.19207 2.58946 0
18.1474 2.64035 0
8.19207 2.58946 0
17.9071 2.85063 0
17.9071 2.85063 0
8.19207 2.58946 0
8.40087 2.89427 0
17.9071 2.85063 0
8.40087 2.89427 0
17.6905 3.08527 0
17.6905 3.08527 0
8.40087 2.89427 0
8.58065 3.21705 0
22.983 4.68112 0
23 5 0
25 5 0
25 5 0
23 5 0
22.983 5.31888 0
25 5 0
22.983 5.31888 0
24.9829 5.4129 0
24.9829 5.4129 0
22.983 5.31888 0
22.9322 5.63415 0
24.9829 5.4129 0
22.9322 5.63415 0
24.9318 5.82297 0
24.9318 5.82297 0
22.9322 5.63415 0
22.8482 5.94223 0
24.9318 5.82297 0
22.8482 5.94223 0
24.847 6.22743 0
24.847 6.22743 0
22.8482 5.94223 0
22.7319 6.23964 0
24.847 6.22743 0
22.7319 6.23964 0
24.7291 6.6235 0
24.7291 6.6235 0
22.7319 6.23964 0
22.5847 6.523 0
24.7291 6.6235 0
22.5847 6.523 0
24.5789 7.00848 0
24.5789 7.00848 0
22.5847 6.523 0
22.4081 6.7891 0
24.5789 7.00848 0
22.4081 6.7891 0
22.2043 7.03494 0
24.5789 7.00848 0
22.2043 7.03494 0
24.3974 7.37974 0
24.3974 7.37974 0
22.2043 7.03494 0
21.9755 7.25771 0
24.3974 7.37974 0
21.9755 7.25771 0
24.1858 7.73474 0
24.1858 7.73474 0
21.9755 7.25771 0
21.7244 7.45491 0
24.1858 7.73474 0
21.7244 7.45491 0
23.9457 8.07106 0
23.9457 8.07106 0
21.7244 7.45491 0
21.4537 7.62429 0
23.9457 8.07106 0
21.4537 7.62429 0
23.6786 8.38641 0
23.6786 8.38641 0
21.4537 7.62429 0
21.1665 7.76394 0
23.6786 8.38641 0
21.1665 7.76394 0
20.8661 7.87227 0
20.5559 7.94805 0
23.0711 8.9457 0
20.8661 7.87227 0
20.8661 7.87227 0
23.0711 8.9457 0
23.3864 8.67862 0
20.8661 7.87227 0
23.3864 8.67862 0
23.6786 8.38641 0
23.0711 8.9457 0
20.5559 7.94805 0
22.7347 9.18583 0
22.7347 9.18583 0
20.5559 7.94805 0
20.2394 7.99044 0
22.7347 9.18583 0
20.2394 7.99044 0
22.3797 9.39737 0
22.3797 9.39737 0
20.2394 7.99044 0
22.0085 9.57887 0
22.0085 9.57887 0
20.2394 7.99044 0
19.9201 7.99894 0
22.0085 9.57887 0
19.9201 7.99894 0
21.6235 9.72909 0
21.6235 9.72909 0
19.9201 7.99894 0
21.2274 9.847 0
21.2274 9.847 0
19.9201 7.99894 0
20.823 9.93181 0
20.823 9.93181 0
19.9201 7.99894 0
20.4129 9.98292 0
20.4129 9.98292 0
19.9201 7.99894 0
20 10 0
20 10 0
19.9201 7.99894 0
19.6018 7.97346 0
20 10 0
19.6018 7.97346 0
19.288 7.91429 0
19.288 7.91429 0
18.9823 7.8221 0
20 10 0
20 10 0
18.9823 7.8221 0
18.6881 7.69794 0
18.9823 2.1779 0
19.288 2.08571 0
20 0 0
20 0 0
19.288 2.08571 0
19.6018 2.02654 0
20 0 0
19.6018 2.02654 0
19.9201 2.00106 0
20.2394 2.00956 0
22.0085 0.421133 0
19.9201 2.00106 0
19.9201 2.00106 0
22.0085 0.421133 0
21.6235 0.270914 0
19.9201 2.00106 0
21.6235 0.270914 0
21.2274 0.152999 0
20.5559 2.05195 0
22.7347 0.814168 0
20.2394 2.00956 0
20.2394 2.00956 0
22.7347 0.814168 0
22.3797 0.602631 0
20.2394 2.00956 0
22.3797 0.602631 0
22.0085 0.421133 0
22.7347 0.814168 0
20.5559 2.05195 0
23.0711 1.0543 0
23.0711 1.0543 0
20.5559 2.05195 0
20.8661 2.12773 0
23.0711 1.0543 0
20.8661 2.12773 0
23.3864 1.32138 0
23.3864 1.32138 0
20.8661 2.12773 0
23.6786 1.61359 0
23.6786 1.61359 0
20.8661 2.12773 0
21.1665 2.23606 0
23.6786 1.61359 0
21.1665 2.23606 0
21.4537 2.37571 0
23.6786 1.61359 0
21.4537 2.37571 0
23.9457 1.92894 0
23.9457 1.92894 0
21.4537 2.37571 0
21.7244 2.54509 0
23.9457 1.92894 0
21.7244 2.54509 0
24.1858 2.26526 0
24.1858 2.26526 0
21.7244 2.54509 0
21.9755 2.74229 0
24.1858 2.26526 0
21.9755 2.74229 0
24.3974 2.62026 0
24.3974 2.62026 0
21.9755 2.74229 0
22.2043 2.96506 0
24.3974 2.62026 0
22.2043 2.96506 0
24.5789 2.99152 0
24.5789 2.99152 0
22.2043 2.96506 0
22.4081 3.2109 0
24.5789 2.99152 0
22.4081 3.2109 0
22.5847 3.477 0
24.5789 2.99152 0
22.5847 3.477 0
24.7291 3.3765 0
24.7291 3.3765 0
22.5847 3.477 0
22.7319 3.76036 0
24.7291 3.3765 0
22.7319 3.76036 0
24.847 3.77257 0
24.847 3.77257 0
22.7319 3.76036 0
22.8482 4.05777 0
24.847 3.77257 0
22.8482 4.05777 0
24.9318 4.17703 0
24.9318 4.17703 0
22.8482 4.05777 0
22.9322 4.36585 0
24.9318 4.17703 0
22.9322 4.36585 0
24.9829 4.5871 0
24.9829 4.5871 0
22.9322 4.36585 0
22.983 4.68112 0
24.9829 4.5871 0
22.983 4.68112 0
25 5 0
21.2274 0.152999 0
20.823 0.0681935 0
19.9201 2.00106 0
19.9201 2.00106 0
20.823 0.0681935 0
20.4129 0.0170775 0
19.9201 2.00106 0
20.4129 0.0170775 0
20 0 0
